PSNR: -114.357271
SSIM: -0.000000
NMSE: 23440744513536.000000
MAE: 0.030632
INFERENCE_TIME: 0.639507
